2.999999999999999889e-02
2.489999999999999769e+00
1.241000000000000014e+01
2.300000000000000000e+01
3.310999999999999943e+01
3.551000000000000512e+01
3.551000000000000512e+01
3.551000000000000512e+01
3.551000000000000512e+01
3.551000000000000512e+01
3.551000000000000512e+01
3.551000000000000512e+01
3.551000000000000512e+01
3.551000000000000512e+01
3.551000000000000512e+01
3.551000000000000512e+01
3.551000000000000512e+01
3.551000000000000512e+01
3.551000000000000512e+01
3.551000000000000512e+01
