1.100000000000000006e-01
9.229999999999998650e+00
4.167999999999999972e+01
7.260999999999999943e+01
8.927000000000001023e+01
9.384999999999999432e+01
9.384999999999999432e+01
9.384999999999999432e+01
9.384999999999999432e+01
9.384999999999999432e+01
9.384999999999999432e+01
9.384999999999999432e+01
9.384999999999999432e+01
9.384999999999999432e+01
9.384999999999999432e+01
9.384999999999999432e+01
9.384999999999999432e+01
9.384999999999999432e+01
9.384999999999999432e+01
9.384999999999999432e+01
