5.439047813494853750e-02
4.770229218447940428e-02
5.449628127112912668e-02
6.239533651298357492e-02
4.764047901039610705e-02
4.959453056251268699e-02
5.588940396357471724e-02
5.880496577329153568e-02
5.350416496590924137e-02
5.911878970702499209e-02
5.416846816095876455e-02
4.693633094066482908e-02
6.146037968386899170e-02
5.167182662538698235e-02
5.404174573055027520e-02
5.426847662141779521e-02
3.563341323990409232e-02
4.721368609267509453e-02
4.770528006424412659e-02
5.887089795267699127e-02
5.079142072700884580e-02
5.047597550148223006e-02
5.484049419140695630e-02
4.903308402398760119e-02
3.946896047070769936e-02
4.240985756004527624e-02
5.483392242690946633e-02
5.306762163715543490e-02
4.274509803921570233e-02
4.532871972318337772e-02
4.839969653597375743e-02
5.957705949273905954e-02
4.131373315849608263e-02
5.980163627222450512e-02
5.017063648725708647e-02
5.238587037868581292e-02
4.838578320718806003e-02
4.630537400145241095e-02
5.426184423731583717e-02
5.716024340770790163e-02
