1.000000000000000056e-01
1.193776641714436315e-01
1.425102670302998142e-01
1.701254279852589257e-01
2.030917620904735821e-01
2.424462017082328336e-01
2.894266124716751154e-01
3.455107294592220102e-01
4.124626382901352417e-01
4.923882631706739121e-01
5.878016072274913073e-01
7.017038286703829453e-01
8.376776400682920398e-01
1.000000000000000000e+00
1.193776641714436870e+00
1.425102670302998531e+00
1.701254279852589146e+00
2.030917620904735710e+00
2.424462017082328114e+00
2.894266124716751598e+00
3.455107294592219880e+00
4.124626382901352528e+00
4.923882631706741897e+00
5.878016072274914627e+00
7.017038286703829897e+00
8.376776400682919288e+00
1.000000000000000000e+01
1.193776641714437048e+01
1.425102670302999286e+01
1.701254279852589235e+01
2.030917620904736864e+01
2.424462017082328202e+01
2.894266124716751776e+01
3.455107294592221479e+01
4.124626382901352173e+01
4.923882631706741364e+01
5.878016072274911608e+01
7.017038286703829897e+01
8.376776400682923907e+01
1.000000000000000000e+02
