3.753363456459772596e-02
3.534641566271851804e-02
3.980140443274084866e-02
3.197524941260410786e-02
2.970205503804307715e-02
4.155450830038471405e-02
3.309811042078233956e-02
2.393116560688720099e-02
3.593345350996434567e-02
3.303871520375512710e-02
3.983738282212591353e-02
3.686895178655062721e-02
3.549807019582026241e-02
3.819752103417034528e-02
2.875758214266412732e-02
2.704389868856590592e-02
4.113732128448480824e-02
3.276704853720630028e-02
4.211688156213945489e-02
3.423749340672069263e-02
2.682050866171228898e-02
3.116946113038165586e-02
3.142243910551233838e-02
2.788796564093738370e-02
3.658558563004449260e-02
3.749037811563453448e-02
3.779295771464732251e-02
3.077146802124976557e-02
3.074134721935864109e-02
3.743599840988912075e-02
4.037997412777787065e-02
3.621980719645794683e-02
4.430659643349014326e-02
3.581066154684869191e-02
4.208357628765791586e-02
3.701102880568481884e-02
3.397179685859591514e-02
4.058782411729053297e-02
4.333204350717076436e-02
3.415854695029989924e-02
