3.179083447942541302e-02
4.427513759177991587e-02
4.526307495560363825e-02
3.781583728442618197e-02
4.534514542586679658e-02
6.409146381246463853e-02
6.724854309789274343e-02
9.281046390409172786e-02
9.081298884603783428e-02
1.140692837147196381e-01
1.229077011923149498e-01
1.490447614084997319e-01
1.701568918315621293e-01
1.969221349460723025e-01
2.061587575313982568e-01
2.123724515107376920e-01
2.500319477403672996e-01
2.938160468974984063e-01
2.659758797366303384e-01
2.933932759968725379e-01
