1.000000000000000000e+02
1.438449888287663043e+02
2.069138081114789998e+02
2.976351441631319403e+02
4.281332398719395655e+02
6.158482110660266926e+02
8.858667904100823307e+02
1.274274985703133552e+03
1.832980710832435534e+03
2.636650898730358222e+03
3.792690190732249903e+03
5.455594781168514601e+03
7.847599703514606517e+03
1.128837891684688293e+04
1.623776739188720967e+04
2.335721469090121172e+04
3.359818286283781345e+04
4.832930238571752125e+04
6.951927961775605218e+04
1.000000000000000000e+05
