2.918430544188460041e-01
2.816402897203817979e-01
2.617139229962344715e-01
1.924985436211578693e-01
1.701463967325863857e-01
1.588906222297770121e-01
1.113779283255927066e-01
1.136138612716709462e-01
9.688328494672972246e-02
9.366758674344224933e-02
4.627240545902078922e-02
3.917089284145082451e-02
3.580733101991050160e-02
3.813807619286739559e-02
3.472762226657785667e-02
2.397592373931405063e-02
2.452553012565295010e-02
1.745327815596188145e-02
1.518657326510998093e-02
1.596603323315005929e-02
