1.000000000000000056e-01
1.163265306122449050e-01
1.326530612244898044e-01
1.489795918367347038e-01
1.653061224489796033e-01
1.816326530612245027e-01
1.979591836734694021e-01
2.142857142857143016e-01
2.306122448979592010e-01
2.469387755102041004e-01
2.632653061224490276e-01
2.795918367346938993e-01
2.959183673469387710e-01
3.122448979591836982e-01
3.285714285714286254e-01
3.448979591836734970e-01
3.612244897959183687e-01
3.775510204081632404e-01
3.938775510204082231e-01
4.102040816326530948e-01
4.265306122448979664e-01
4.428571428571428381e-01
4.591836734693878208e-01
4.755102040816326925e-01
4.918367346938775642e-01
5.081632653061224358e-01
5.244897959183674185e-01
5.408163265306122902e-01
5.571428571428571619e-01
5.734693877551020336e-01
5.897959183673470163e-01
6.061224489795918879e-01
6.224489795918367596e-01
6.387755102040816313e-01
6.551020408163265030e-01
6.714285714285714857e-01
6.877551020408163573e-01
7.040816326530612290e-01
7.204081632653062117e-01
7.367346938775510834e-01
7.530612244897959551e-01
7.693877551020408267e-01
7.857142857142856984e-01
8.020408163265306811e-01
8.183673469387755528e-01
8.346938775510204245e-01
8.510204081632654072e-01
8.673469387755102789e-01
8.836734693877551505e-01
9.000000000000000222e-01
