2.662526388816528061e-02
3.623550996580768291e-02
3.559249582906669207e-02
2.804802515310945640e-02
4.164388846307751080e-02
4.762153126684723348e-02
5.309789058376728627e-02
4.581622809322896672e-02
4.890683536020887234e-02
5.863088368271365813e-02
6.715221313972796757e-02
5.699827172844752071e-02
6.308063995795440415e-02
6.930488473617477108e-02
6.849659922337508755e-02
7.988766488956063061e-02
7.505792190190493929e-02
8.825118636794010429e-02
1.059264669443484991e-01
1.039789503963721440e-01
8.672701107026851985e-02
1.176974629787582438e-01
1.149641717216006997e-01
1.162731160584389023e-01
1.226214716145837130e-01
1.485813370050288185e-01
1.302033565654581726e-01
1.503446626002235276e-01
1.550779973038447501e-01
1.739607807543918638e-01
1.598601551131738352e-01
1.809384552028587279e-01
1.915376642805192986e-01
2.015402515464283506e-01
1.759672026747332862e-01
2.170352073624903788e-01
1.985790954665175856e-01
2.332046192266939155e-01
2.249737945492662483e-01
2.321257803126557384e-01
2.291314125537894930e-01
2.622390116738150811e-01
2.296123645021347359e-01
2.136368450740305514e-01
2.965815392334077427e-01
2.533787511309312235e-01
2.573302676393798283e-01
2.957148416868206620e-01
2.685658688460789700e-01
2.881244266533233844e-01
